(kicad_pcb (version 20171130) (host pcbnew "(5.1.6)-1")

  (general
    (thickness 1.6)
    (drawings 15)
    (tracks 2440)
    (zones 0)
    (modules 102)
    (nets 85)
  )

  (page A4)
  (title_block
    (title "Da.E.S.K - 3 Row PCB")
    (date 2020-09-29)
    (rev 0.91)
    (company "Markus Knutsson <markus.knutsson@tweety.se>")
    (comment 1 https://github.com/TweetyDaBird)
    (comment 2 "Licensed under CERN-OHL-S v2 or any later version")
  )

  (layers
    (0 F.Cu signal)
    (31 B.Cu signal)
    (32 B.Adhes user)
    (33 F.Adhes user)
    (34 B.Paste user)
    (35 F.Paste user)
    (36 B.SilkS user)
    (37 F.SilkS user)
    (38 B.Mask user)
    (39 F.Mask user)
    (40 Dwgs.User user)
    (41 Cmts.User user)
    (42 Eco1.User user)
    (43 Eco2.User user)
    (44 Edge.Cuts user)
    (45 Margin user)
    (46 B.CrtYd user)
    (47 F.CrtYd user)
    (48 B.Fab user)
    (49 F.Fab user)
  )

  (setup
    (last_trace_width 0.25)
    (user_trace_width 0.15)
    (user_trace_width 0.2)
    (user_trace_width 0.25)
    (trace_clearance 0.18)
    (zone_clearance 0.508)
    (zone_45_only no)
    (trace_min 0.15)
    (via_size 0.8)
    (via_drill 0.4)
    (via_min_size 0.4)
    (via_min_drill 0.3)
    (user_via 0.8 0.4)
    (uvia_size 0.3)
    (uvia_drill 0.1)
    (uvias_allowed no)
    (uvia_min_size 0.2)
    (uvia_min_drill 0.1)
    (edge_width 0.05)
    (segment_width 0.2)
    (pcb_text_width 0.3)
    (pcb_text_size 1.5 1.5)
    (mod_edge_width 0.12)
    (mod_text_size 1 1)
    (mod_text_width 0.15)
    (pad_size 3 5.85)
    (pad_drill 3)
    (pad_to_mask_clearance 0.05)
    (aux_axis_origin -32.447562 182.052452)
    (grid_origin 97.55 152.16)
    (visible_elements 7FFFFF7F)
    (pcbplotparams
      (layerselection 0x010fc_ffffffff)
      (usegerberextensions false)
      (usegerberattributes false)
      (usegerberadvancedattributes false)
      (creategerberjobfile false)
      (excludeedgelayer true)
      (linewidth 0.100000)
      (plotframeref false)
      (viasonmask false)
      (mode 1)
      (useauxorigin false)
      (hpglpennumber 1)
      (hpglpenspeed 20)
      (hpglpendiameter 15.000000)
      (psnegative false)
      (psa4output false)
      (plotreference true)
      (plotvalue true)
      (plotinvisibletext false)
      (padsonsilk false)
      (subtractmaskfromsilk false)
      (outputformat 1)
      (mirror false)
      (drillshape 1)
      (scaleselection 1)
      (outputdirectory ""))
  )

  (net 0 "")
  (net 1 GND)
  (net 2 VBUS)
  (net 3 RESET)
  (net 4 D+)
  (net 5 D-)
  (net 6 ROW_1)
  (net 7 ROW_2)
  (net 8 ROW_3)
  (net 9 ROW_4)
  (net 10 COL_A)
  (net 11 COL_B)
  (net 12 COL_C)
  (net 13 COL_D)
  (net 14 COL_E)
  (net 15 COL_F)
  (net 16 MISO)
  (net 17 MOSI)
  (net 18 SCK)
  (net 19 /MCU/AREF)
  (net 20 /MCU/XTAL1)
  (net 21 /MCU/XTAL2)
  (net 22 /MCU/UCAP)
  (net 23 "Net-(C7R1-Pad2)")
  (net 24 "Net-(C7R2-Pad2)")
  (net 25 "Net-(C7R3-Pad2)")
  (net 26 "Net-(C2R1-Pad2)")
  (net 27 "Net-(C2R2-Pad2)")
  (net 28 "Net-(C2R3-Pad2)")
  (net 29 "Net-(C3R1-Pad2)")
  (net 30 "Net-(C3R2-Pad2)")
  (net 31 "Net-(C3R3-Pad2)")
  (net 32 "Net-(C4R1-Pad2)")
  (net 33 "Net-(C4R2-Pad2)")
  (net 34 "Net-(C4R3-Pad2)")
  (net 35 "Net-(C5R1-Pad2)")
  (net 36 "Net-(C5R2-Pad2)")
  (net 37 "Net-(C5R3-Pad2)")
  (net 38 "Net-(C6R1-Pad2)")
  (net 39 "Net-(C6R2-Pad2)")
  (net 40 "Net-(C6R3-Pad2)")
  (net 41 COL_TH2)
  (net 42 RGB_INT)
  (net 43 /MCU/HAND)
  (net 44 /MCU/BOOT)
  (net 45 VCC_USB)
  (net 46 VCC)
  (net 47 I2C+)
  (net 48 I2C-)
  (net 49 COL_TH1)
  (net 50 CS11)
  (net 51 CS10)
  (net 52 CS9)
  (net 53 CS8)
  (net 54 CS7)
  (net 55 CS6)
  (net 56 CS5)
  (net 57 CS4)
  (net 58 CS3)
  (net 59 CS2)
  (net 60 CS1)
  (net 61 SW9)
  (net 62 SW8)
  (net 63 SW7)
  (net 64 SW6)
  (net 65 SW5)
  (net 66 SW4)
  (net 67 SW3)
  (net 68 SW2)
  (net 69 SW1)
  (net 70 RGB_ENABLE)
  (net 71 /MCU/RSET)
  (net 72 /MCU/IICRST)
  (net 73 SW12)
  (net 74 SW11)
  (net 75 SW10)
  (net 76 "Net-(POWER_LED1-Pad1)")
  (net 77 /MCU/DD+)
  (net 78 /MCU/DD-)
  (net 79 "Net-(R2-Pad2)")
  (net 80 "Net-(R3-Pad2)")
  (net 81 "Net-(JP1-Pad2)")
  (net 82 T)
  (net 83 S)
  (net 84 "Net-(C1-Pad1)")

  (net_class Default "This is the default net class."
    (clearance 0.18)
    (trace_width 0.25)
    (via_dia 0.8)
    (via_drill 0.4)
    (uvia_dia 0.3)
    (uvia_drill 0.1)
    (add_net /MCU/AREF)
    (add_net /MCU/BOOT)
    (add_net /MCU/DD+)
    (add_net /MCU/DD-)
    (add_net /MCU/HAND)
    (add_net /MCU/IICRST)
    (add_net /MCU/RSET)
    (add_net /MCU/UCAP)
    (add_net /MCU/XTAL1)
    (add_net /MCU/XTAL2)
    (add_net COL_A)
    (add_net COL_B)
    (add_net COL_C)
    (add_net COL_D)
    (add_net COL_E)
    (add_net COL_F)
    (add_net COL_TH1)
    (add_net COL_TH2)
    (add_net D+)
    (add_net D-)
    (add_net GND)
    (add_net I2C+)
    (add_net I2C-)
    (add_net MISO)
    (add_net MOSI)
    (add_net "Net-(C1-Pad1)")
    (add_net "Net-(C2R1-Pad2)")
    (add_net "Net-(C2R2-Pad2)")
    (add_net "Net-(C2R3-Pad2)")
    (add_net "Net-(C3R1-Pad2)")
    (add_net "Net-(C3R2-Pad2)")
    (add_net "Net-(C3R3-Pad2)")
    (add_net "Net-(C4R1-Pad2)")
    (add_net "Net-(C4R2-Pad2)")
    (add_net "Net-(C4R3-Pad2)")
    (add_net "Net-(C5R1-Pad2)")
    (add_net "Net-(C5R2-Pad2)")
    (add_net "Net-(C5R3-Pad2)")
    (add_net "Net-(C6R1-Pad2)")
    (add_net "Net-(C6R2-Pad2)")
    (add_net "Net-(C6R3-Pad2)")
    (add_net "Net-(C7R1-Pad2)")
    (add_net "Net-(C7R2-Pad2)")
    (add_net "Net-(C7R3-Pad2)")
    (add_net "Net-(JP1-Pad2)")
    (add_net "Net-(POWER_LED1-Pad1)")
    (add_net "Net-(R2-Pad2)")
    (add_net "Net-(R3-Pad2)")
    (add_net RESET)
    (add_net RGB_ENABLE)
    (add_net RGB_INT)
    (add_net ROW_1)
    (add_net ROW_2)
    (add_net ROW_3)
    (add_net ROW_4)
    (add_net S)
    (add_net SCK)
    (add_net T)
  )

  (net_class RGB ""
    (clearance 0.2)
    (trace_width 0.25)
    (via_dia 0.8)
    (via_drill 0.4)
    (uvia_dia 0.3)
    (uvia_drill 0.1)
    (add_net CS1)
    (add_net CS10)
    (add_net CS11)
    (add_net CS2)
    (add_net CS3)
    (add_net CS4)
    (add_net CS5)
    (add_net CS6)
    (add_net CS7)
    (add_net CS8)
    (add_net CS9)
    (add_net SW1)
    (add_net SW10)
    (add_net SW11)
    (add_net SW12)
    (add_net SW2)
    (add_net SW3)
    (add_net SW4)
    (add_net SW5)
    (add_net SW6)
    (add_net SW7)
    (add_net SW8)
    (add_net SW9)
  )

  (net_class VCC ""
    (clearance 0.2)
    (trace_width 0.45)
    (via_dia 0.8)
    (via_drill 0.4)
    (uvia_dia 0.3)
    (uvia_drill 0.1)
    (add_net VBUS)
    (add_net VCC)
    (add_net VCC_USB)
  )

  (module "Keyboard Library:XRCGB16M000FXN1R0" (layer F.Cu) (tedit 5F5B4AF9) (tstamp 5F74FCD6)
    (at 176.35 29.1 180)
    (descr XRCGB16M000FXN1R0-2)
    (tags "Crystal or Oscillator")
    (path /5E135D8F/5F51E152)
    (attr smd)
    (fp_text reference X1 (at 0 0.15) (layer F.SilkS)
      (effects (font (size 1.27 1.27) (thickness 0.254)))
    )
    (fp_text value XRCGB16M000FXN00R0 (at 0 0.15) (layer F.SilkS) hide
      (effects (font (size 1.27 1.27) (thickness 0.254)))
    )
    (fp_arc (start -0.675 1.1) (end -0.625 1.1) (angle 180) (layer F.SilkS) (width 0.1))
    (fp_arc (start -0.675 1.1) (end -0.725 1.1) (angle 180) (layer F.SilkS) (width 0.1))
    (fp_text user %R (at 0 0.15) (layer F.Fab)
      (effects (font (size 1.27 1.27) (thickness 0.254)))
    )
    (fp_line (start -0.625 1.1) (end -0.625 1.1) (layer F.SilkS) (width 0.1))
    (fp_line (start -0.725 1.1) (end -0.725 1.1) (layer F.SilkS) (width 0.1))
    (fp_line (start -0.1 0.8) (end 0.1 0.8) (layer F.SilkS) (width 0.1))
    (fp_line (start -0.1 -0.8) (end 0.1 -0.8) (layer F.SilkS) (width 0.1))
    (fp_line (start -1.55 1.65) (end -1.55 -1.35) (layer F.CrtYd) (width 0.1))
    (fp_line (start 1.55 1.65) (end -1.55 1.65) (layer F.CrtYd) (width 0.1))
    (fp_line (start 1.55 -1.35) (end 1.55 1.65) (layer F.CrtYd) (width 0.1))
    (fp_line (start -1.55 -1.35) (end 1.55 -1.35) (layer F.CrtYd) (width 0.1))
    (fp_line (start -1 0.8) (end -1 -0.8) (layer F.Fab) (width 0.2))
    (fp_line (start 1 0.8) (end -1 0.8) (layer F.Fab) (width 0.2))
    (fp_line (start 1 -0.8) (end 1 0.8) (layer F.Fab) (width 0.2))
    (fp_line (start -1 -0.8) (end 1 -0.8) (layer F.Fab) (width 0.2))
    (pad 1 smd rect (at -0.675 -0.5 270) (size 0.7 0.75) (layers F.Cu F.Paste F.Mask)
      (net 21 /MCU/XTAL2))
    (pad "" smd rect (at 0.675 -0.5 270) (size 0.7 0.75) (layers F.Cu F.Paste F.Mask))
    (pad 3 smd rect (at 0.675 0.5 270) (size 0.7 0.75) (layers F.Cu F.Paste F.Mask)
      (net 20 /MCU/XTAL1))
    (pad "" smd rect (at -0.675 0.5 270) (size 0.7 0.75) (layers F.Cu F.Paste F.Mask))
    (model D:\users\main\Dokuments\SamacSys_PCB_Library\SamacSys_Parts.3dshapes\XRCGB16M000FXN00R0.stp
      (at (xyz 0 0 0))
      (scale (xyz 1 1 1))
      (rotate (xyz 0 0 0))
    )
  )

  (module Resistor_SMD:R_0603_1608Metric (layer F.Cu) (tedit 5B301BBD) (tstamp 5F74FCBF)
    (at 180.44 20.67)
    (descr "Resistor SMD 0603 (1608 Metric), square (rectangular) end terminal, IPC_7351 nominal, (Body size source: http://www.tortai-tech.com/upload/download/2011102023233369053.pdf), generated with kicad-footprint-generator")
    (tags resistor)
    (path /5E135D8F/5FB25381)
    (attr smd)
    (fp_text reference VR2 (at 0 -1.43) (layer F.SilkS)
      (effects (font (size 1 1) (thickness 0.15)))
    )
    (fp_text value CG0603MLC-05E (at 0 1.43) (layer F.Fab)
      (effects (font (size 1 1) (thickness 0.15)))
    )
    (fp_text user %R (at 0 0) (layer F.Fab)
      (effects (font (size 0.4 0.4) (thickness 0.06)))
    )
    (fp_line (start -0.8 0.4) (end -0.8 -0.4) (layer F.Fab) (width 0.1))
    (fp_line (start -0.8 -0.4) (end 0.8 -0.4) (layer F.Fab) (width 0.1))
    (fp_line (start 0.8 -0.4) (end 0.8 0.4) (layer F.Fab) (width 0.1))
    (fp_line (start 0.8 0.4) (end -0.8 0.4) (layer F.Fab) (width 0.1))
    (fp_line (start -0.162779 -0.51) (end 0.162779 -0.51) (layer F.SilkS) (width 0.12))
    (fp_line (start -0.162779 0.51) (end 0.162779 0.51) (layer F.SilkS) (width 0.12))
    (fp_line (start -1.48 0.73) (end -1.48 -0.73) (layer F.CrtYd) (width 0.05))
    (fp_line (start -1.48 -0.73) (end 1.48 -0.73) (layer F.CrtYd) (width 0.05))
    (fp_line (start 1.48 -0.73) (end 1.48 0.73) (layer F.CrtYd) (width 0.05))
    (fp_line (start 1.48 0.73) (end -1.48 0.73) (layer F.CrtYd) (width 0.05))
    (pad 2 smd roundrect (at 0.7875 0) (size 0.875 0.95) (layers F.Cu F.Paste F.Mask) (roundrect_rratio 0.25)
      (net 5 D-))
    (pad 1 smd roundrect (at -0.7875 0) (size 0.875 0.95) (layers F.Cu F.Paste F.Mask) (roundrect_rratio 0.25)
      (net 1 GND))
    (model ${KISYS3DMOD}/Resistor_SMD.3dshapes/R_0603_1608Metric.wrl
      (at (xyz 0 0 0))
      (scale (xyz 1 1 1))
      (rotate (xyz 0 0 0))
    )
  )

  (module Resistor_SMD:R_0603_1608Metric (layer F.Cu) (tedit 5B301BBD) (tstamp 5F74FCAE)
    (at 180.44 18.16)
    (descr "Resistor SMD 0603 (1608 Metric), square (rectangular) end terminal, IPC_7351 nominal, (Body size source: http://www.tortai-tech.com/upload/download/2011102023233369053.pdf), generated with kicad-footprint-generator")
    (tags resistor)
    (path /5E135D8F/5FB25378)
    (attr smd)
    (fp_text reference VR1 (at 0 -1.43) (layer F.SilkS)
      (effects (font (size 1 1) (thickness 0.15)))
    )
    (fp_text value CG0603MLC-05E (at 0 1.43) (layer F.Fab)
      (effects (font (size 1 1) (thickness 0.15)))
    )
    (fp_text user %R (at 0 0) (layer F.Fab)
      (effects (font (size 0.4 0.4) (thickness 0.06)))
    )
    (fp_line (start -0.8 0.4) (end -0.8 -0.4) (layer F.Fab) (width 0.1))
    (fp_line (start -0.8 -0.4) (end 0.8 -0.4) (layer F.Fab) (width 0.1))
    (fp_line (start 0.8 -0.4) (end 0.8 0.4) (layer F.Fab) (width 0.1))
    (fp_line (start 0.8 0.4) (end -0.8 0.4) (layer F.Fab) (width 0.1))
    (fp_line (start -0.162779 -0.51) (end 0.162779 -0.51) (layer F.SilkS) (width 0.12))
    (fp_line (start -0.162779 0.51) (end 0.162779 0.51) (layer F.SilkS) (width 0.12))
    (fp_line (start -1.48 0.73) (end -1.48 -0.73) (layer F.CrtYd) (width 0.05))
    (fp_line (start -1.48 -0.73) (end 1.48 -0.73) (layer F.CrtYd) (width 0.05))
    (fp_line (start 1.48 -0.73) (end 1.48 0.73) (layer F.CrtYd) (width 0.05))
    (fp_line (start 1.48 0.73) (end -1.48 0.73) (layer F.CrtYd) (width 0.05))
    (pad 2 smd roundrect (at 0.7875 0) (size 0.875 0.95) (layers F.Cu F.Paste F.Mask) (roundrect_rratio 0.25)
      (net 4 D+))
    (pad 1 smd roundrect (at -0.7875 0) (size 0.875 0.95) (layers F.Cu F.Paste F.Mask) (roundrect_rratio 0.25)
      (net 1 GND))
    (model ${KISYS3DMOD}/Resistor_SMD.3dshapes/R_0603_1608Metric.wrl
      (at (xyz 0 0 0))
      (scale (xyz 1 1 1))
      (rotate (xyz 0 0 0))
    )
  )

  (module "Keyboard Library:HRO-TYPE-C-31-M-14" (layer F.Cu) (tedit 5F6C9D46) (tstamp 5F7501DB)
    (at 194.3056 24.36326 180)
    (path /5E135D8F/5FB253BD)
    (attr virtual)
    (fp_text reference USB1 (at 0.02 -2.61 180) (layer F.SilkS)
      (effects (font (size 1 1) (thickness 0.15)))
    )
    (fp_text value USB_C_Receptacle_USB2.0 (at -0.01 2.64) (layer F.Fab)
      (effects (font (size 0.4 0.4) (thickness 0.1)))
    )
    (fp_arc (start -4.2 0.99) (end -4.2 0.69) (angle -90) (layer Edge.Cuts) (width 0.05))
    (fp_arc (start 4.2 0.99) (end 4.5 0.99) (angle -90) (layer Edge.Cuts) (width 0.05))
    (fp_line (start 5.575 6.43) (end 4.5 6.43) (layer Edge.Cuts) (width 0.05))
    (fp_line (start -4.2 0.69) (end 4.2 0.69) (layer Edge.Cuts) (width 0.05))
    (fp_line (start 4.47 -1.86) (end -4.47 -1.86) (layer F.CrtYd) (width 0.12))
    (fp_line (start -4.5 6.43) (end -5.575 6.43) (layer Edge.Cuts) (width 0.05))
    (fp_line (start 4.5 0.99) (end 4.5 6.43) (layer Edge.Cuts) (width 0.05))
    (fp_line (start -4.5 0.99) (end -4.5 6.43) (layer Edge.Cuts) (width 0.05))
    (fp_line (start -4.47 6.91) (end 4.47 6.91) (layer F.Fab) (width 0.12))
    (fp_line (start 4.47 6.91) (end 4.47 -1.05) (layer F.Fab) (width 0.12))
    (fp_line (start -4.47 6.91) (end -4.47 -1.05) (layer F.Fab) (width 0.12))
    (fp_line (start 4.47 -1.05) (end -4.47 -1.05) (layer F.Fab) (width 0.12))
    (fp_line (start 4.47 -0.58) (end 5.91 -0.58) (layer F.Fab) (width 0.12))
    (fp_line (start 4.47 0.575) (end 5.91 0.575) (layer F.Fab) (width 0.12))
    (fp_line (start 5.91 0.575) (end 5.91 -0.58) (layer F.Fab) (width 0.12))
    (fp_line (start 4.47 4.08) (end 5.91 4.08) (layer F.Fab) (width 0.12))
    (fp_line (start 4.47 5.235) (end 5.91 5.235) (layer F.Fab) (width 0.12))
    (fp_line (start 5.91 5.235) (end 5.91 4.08) (layer F.Fab) (width 0.12))
    (fp_line (start -4.47 5.26) (end -5.91 5.26) (layer F.Fab) (width 0.12))
    (fp_line (start -4.47 4.105) (end -5.91 4.105) (layer F.Fab) (width 0.12))
    (fp_line (start -5.91 4.105) (end -5.91 5.26) (layer F.Fab) (width 0.12))
    (fp_line (start -4.47 0.65) (end -5.91 0.65) (layer F.Fab) (width 0.12))
    (fp_line (start -4.47 -0.505) (end -5.91 -0.505) (layer F.Fab) (width 0.12))
    (fp_line (start -5.91 -0.505) (end -5.91 0.65) (layer F.Fab) (width 0.12))
    (fp_line (start 4.47 -1.86) (end 4.47 6.43) (layer F.CrtYd) (width 0.12))
    (fp_line (start -4.47 -1.86) (end -4.47 6.43) (layer F.CrtYd) (width 0.12))
    (fp_line (start -4.47 6.43) (end 4.47 6.43) (layer F.CrtYd) (width 0.12))
    (pad B12 smd rect (at 3.07 -1.2 180) (size 0.3 1.1) (layers F.Cu F.Paste F.Mask)
      (net 1 GND))
    (pad B9 smd rect (at 2.3 -1.2 180) (size 0.3 1.1) (layers F.Cu F.Paste F.Mask)
      (net 45 VCC_USB))
    (pad B1 smd rect (at -3.07 -1.2 180) (size 0.3 1.1) (layers F.Cu F.Paste F.Mask)
      (net 1 GND))
    (pad B4 smd rect (at -2.3 -1.2 180) (size 0.3 1.1) (layers F.Cu F.Paste F.Mask)
      (net 45 VCC_USB))
    (pad A4 smd rect (at 2.58 -1.2 180) (size 0.3 1.1) (layers F.Cu F.Paste F.Mask)
      (net 45 VCC_USB))
    (pad A1 smd rect (at 3.35 -1.2 180) (size 0.3 1.1) (layers F.Cu F.Paste F.Mask)
      (net 1 GND))
    (pad A12 smd rect (at -3.35 -1.2 180) (size 0.3 1.1) (layers F.Cu F.Paste F.Mask)
      (net 1 GND))
    (pad A9 smd rect (at -2.58 -1.2 180) (size 0.3 1.1) (layers F.Cu F.Paste F.Mask)
      (net 45 VCC_USB))
    (pad A5 smd rect (at 1.25 -1.2 180) (size 0.3 1.1) (layers F.Cu F.Paste F.Mask)
      (net 79 "Net-(R2-Pad2)"))
    (pad B7 smd rect (at 0.75 -1.2 180) (size 0.3 1.1) (layers F.Cu F.Paste F.Mask)
      (net 5 D-))
    (pad B8 smd rect (at 1.75 -1.2 180) (size 0.3 1.1) (layers F.Cu F.Paste F.Mask))
    (pad B5 smd rect (at -1.75 -1.2 180) (size 0.3 1.1) (layers F.Cu F.Paste F.Mask)
      (net 80 "Net-(R3-Pad2)"))
    (pad A8 smd rect (at -1.25 -1.2 180) (size 0.3 1.1) (layers F.Cu F.Paste F.Mask))
    (pad B6 smd rect (at -0.75 -1.2 180) (size 0.3 1.1) (layers F.Cu F.Paste F.Mask)
      (net 4 D+))
    (pad A7 smd rect (at -0.25 -1.2 180) (size 0.3 1.1) (layers F.Cu F.Paste F.Mask)
      (net 5 D-))
    (pad A6 smd rect (at 0.25 -1.2 180) (size 0.3 1.1) (layers F.Cu F.Paste F.Mask)
      (net 4 D+))
    (pad S1 thru_hole oval (at -5.575 4.68 180) (size 0.8 2) (drill oval 0.5 1.65) (layers *.Cu *.Mask)
      (net 84 "Net-(C1-Pad1)"))
    (pad S1 thru_hole oval (at 5.575 4.68 180) (size 0.8 2) (drill oval 0.5 1.65) (layers *.Cu *.Mask)
      (net 84 "Net-(C1-Pad1)"))
    (pad S1 thru_hole oval (at 5.575 0.08 180) (size 0.8 2) (drill oval 0.5 1.65) (layers *.Cu *.Mask)
      (net 84 "Net-(C1-Pad1)"))
    (pad "" np_thru_hole circle (at -3.75 0 180) (size 0.6 0.6) (drill 0.6) (layers *.Cu *.Mask))
    (pad "" np_thru_hole circle (at 3.75 0 180) (size 0.6 0.6) (drill 0.6) (layers *.Cu *.Mask))
    (pad S1 thru_hole oval (at -5.575 0.08 180) (size 0.8 2) (drill oval 0.5 1.65) (layers *.Cu *.Mask)
      (net 84 "Net-(C1-Pad1)"))
  )

  (module "Keyboard Library:2-pin_reset_switch" (layer F.Cu) (tedit 5F6CDA1B) (tstamp 5FA139BD)
    (at 188.2902 27.3304 180)
    (descr SKHLAAA010-1)
    (tags Switch)
    (path /5E135D8F/5E61BB87)
    (fp_text reference SW2 (at 2.794 0) (layer F.SilkS)
      (effects (font (size 1.27 1.27) (thickness 0.254)))
    )
    (fp_text value SW_Push (at 2.794 0) (layer F.SilkS) hide
      (effects (font (size 1.27 1.27) (thickness 0.254)))
    )
    (fp_arc (start -1.85 0) (end -1.95 0) (angle -180) (layer F.SilkS) (width 0.2))
    (fp_arc (start -1.85 0) (end -1.75 0) (angle -180) (layer F.SilkS) (width 0.2))
    (fp_text user %R (at 2.794 0) (layer F.Fab)
      (effects (font (size 1.27 1.27) (thickness 0.254)))
    )
    (fp_line (start -1.95 0) (end -1.95 0) (layer F.SilkS) (width 0.2))
    (fp_line (start -1.75 0) (end -1.75 0) (layer F.SilkS) (width 0.2))
    (fp_line (start 6.25 1.75) (end 6.25 1.5) (layer F.SilkS) (width 0.1))
    (fp_line (start 0.25 1.75) (end 6.25 1.75) (layer F.SilkS) (width 0.1))
    (fp_line (start 0.25 1.5) (end 0.25 1.75) (layer F.SilkS) (width 0.1))
    (fp_line (start 6.25 -1.75) (end 6.25 -1.5) (layer F.SilkS) (width 0.1))
    (fp_line (start 0.25 -1.75) (end 6.25 -1.75) (layer F.SilkS) (width 0.1))
    (fp_line (start 0.25 -1.5) (end 0.25 -1.75) (layer F.SilkS) (width 0.1))
    (fp_line (start -0.9 1.03) (end -0.9 -1.02) (layer F.CrtYd) (width 0.1))
    (fp_line (start 6.4 1.8) (end 0.1 1.8) (layer F.CrtYd) (width 0.1))
    (fp_line (start 7.43 -1.02) (end 7.43 1.01) (layer F.CrtYd) (width 0.1))
    (fp_line (start 0.1 -1.78) (end 6.4 -1.78) (layer F.CrtYd) (width 0.1))
    (fp_line (start 0.25 1.75) (end 0.25 -1.75) (layer F.Fab) (width 0.2))
    (fp_line (start 6.25 1.75) (end 0.25 1.75) (layer F.Fab) (width 0.2))
    (fp_line (start 6.25 -1.75) (end 6.25 1.75) (layer F.Fab) (width 0.2))
    (fp_line (start 0.25 -1.75) (end 6.25 -1.75) (layer F.Fab) (width 0.2))
    (fp_line (start 0.1 -1.78) (end 0.1 -1.02) (layer F.CrtYd) (width 0.1))
    (fp_line (start 0.1 -1.02) (end -0.9 -1.02) (layer F.CrtYd) (width 0.1))
    (fp_line (start 0.1 1.03) (end -0.9 1.03) (layer F.CrtYd) (width 0.1))
    (fp_line (start 0.1 1.03) (end 0.1 1.8) (layer F.CrtYd) (width 0.1))
    (fp_line (start 7.43 1.01) (end 6.4 1.01) (layer F.CrtYd) (width 0.1))
    (fp_line (start 6.4 1.01) (end 6.4 1.8) (layer F.CrtYd) (width 0.1))
    (fp_line (start 7.43 -1.02) (end 6.4 -1.02) (layer F.CrtYd) (width 0.1))
    (fp_line (start 6.4 -1.02) (end 6.4 -1.78) (layer F.CrtYd) (width 0.1))
    (pad 2 thru_hole circle (at 6.5 0 180) (size 1.875 1.875) (drill 1.25) (layers *.Cu *.Mask)
      (net 3 RESET))
    (pad 1 thru_hole circle (at 0 0 180) (size 1.875 1.875) (drill 1.25) (layers *.Cu *.Mask)
      (net 1 GND))
    (model D:\users\main\Dokuments\SamacSys_PCB_Library\SamacSys_Parts.3dshapes\SKHLAAA010.stp
      (at (xyz 0 0 0))
      (scale (xyz 1 1 1))
      (rotate (xyz 0 0 0))
    )
  )

  (module Resistor_SMD:R_0603_1608Metric (layer B.Cu) (tedit 5B301BBD) (tstamp 5FA4EAF7)
    (at 214.3506 103.8606 180)
    (descr "Resistor SMD 0603 (1608 Metric), square (rectangular) end terminal, IPC_7351 nominal, (Body size source: http://www.tortai-tech.com/upload/download/2011102023233369053.pdf), generated with kicad-footprint-generator")
    (tags resistor)
    (path /5E135D8F/5F259971)
    (attr smd)
    (fp_text reference R17 (at 0 1.43) (layer B.SilkS)
      (effects (font (size 1 1) (thickness 0.15)) (justify mirror))
    )
    (fp_text value 100k (at 0 -1.43) (layer B.Fab)
      (effects (font (size 1 1) (thickness 0.15)) (justify mirror))
    )
    (fp_text user %R (at 0 0) (layer B.Fab)
      (effects (font (size 0.4 0.4) (thickness 0.06)) (justify mirror))
    )
    (fp_line (start -0.8 -0.4) (end -0.8 0.4) (layer B.Fab) (width 0.1))
    (fp_line (start -0.8 0.4) (end 0.8 0.4) (layer B.Fab) (width 0.1))
    (fp_line (start 0.8 0.4) (end 0.8 -0.4) (layer B.Fab) (width 0.1))
    (fp_line (start 0.8 -0.4) (end -0.8 -0.4) (layer B.Fab) (width 0.1))
    (fp_line (start -0.162779 0.51) (end 0.162779 0.51) (layer B.SilkS) (width 0.12))
    (fp_line (start -0.162779 -0.51) (end 0.162779 -0.51) (layer B.SilkS) (width 0.12))
    (fp_line (start -1.48 -0.73) (end -1.48 0.73) (layer B.CrtYd) (width 0.05))
    (fp_line (start -1.48 0.73) (end 1.48 0.73) (layer B.CrtYd) (width 0.05))
    (fp_line (start 1.48 0.73) (end 1.48 -0.73) (layer B.CrtYd) (width 0.05))
    (fp_line (start 1.48 -0.73) (end -1.48 -0.73) (layer B.CrtYd) (width 0.05))
    (pad 2 smd roundrect (at 0.7875 0 180) (size 0.875 0.95) (layers B.Cu B.Paste B.Mask) (roundrect_rratio 0.25)
      (net 42 RGB_INT))
    (pad 1 smd roundrect (at -0.7875 0 180) (size 0.875 0.95) (layers B.Cu B.Paste B.Mask) (roundrect_rratio 0.25)
      (net 1 GND))
    (model ${KISYS3DMOD}/Resistor_SMD.3dshapes/R_0603_1608Metric.wrl
      (at (xyz 0 0 0))
      (scale (xyz 1 1 1))
      (rotate (xyz 0 0 0))
    )
  )

  (module Resistor_SMD:R_0603_1608Metric (layer F.Cu) (tedit 5B301BBD) (tstamp 5F5112CA)
    (at 213.4 104.49 180)
    (descr "Resistor SMD 0603 (1608 Metric), square (rectangular) end terminal, IPC_7351 nominal, (Body size source: http://www.tortai-tech.com/upload/download/2011102023233369053.pdf), generated with kicad-footprint-generator")
    (tags resistor)
    (path /5E135D8F/64379CF0)
    (attr smd)
    (fp_text reference R16 (at 0 -1.43) (layer F.SilkS)
      (effects (font (size 1 1) (thickness 0.15)))
    )
    (fp_text value 100k (at 0 1.43) (layer F.Fab)
      (effects (font (size 1 1) (thickness 0.15)))
    )
    (fp_text user %R (at 0 0) (layer F.Fab)
      (effects (font (size 0.4 0.4) (thickness 0.06)))
    )
    (fp_line (start -0.8 0.4) (end -0.8 -0.4) (layer F.Fab) (width 0.1))
    (fp_line (start -0.8 -0.4) (end 0.8 -0.4) (layer F.Fab) (width 0.1))
    (fp_line (start 0.8 -0.4) (end 0.8 0.4) (layer F.Fab) (width 0.1))
    (fp_line (start 0.8 0.4) (end -0.8 0.4) (layer F.Fab) (width 0.1))
    (fp_line (start -0.162779 -0.51) (end 0.162779 -0.51) (layer F.SilkS) (width 0.12))
    (fp_line (start -0.162779 0.51) (end 0.162779 0.51) (layer F.SilkS) (width 0.12))
    (fp_line (start -1.48 0.73) (end -1.48 -0.73) (layer F.CrtYd) (width 0.05))
    (fp_line (start -1.48 -0.73) (end 1.48 -0.73) (layer F.CrtYd) (width 0.05))
    (fp_line (start 1.48 -0.73) (end 1.48 0.73) (layer F.CrtYd) (width 0.05))
    (fp_line (start 1.48 0.73) (end -1.48 0.73) (layer F.CrtYd) (width 0.05))
    (pad 2 smd roundrect (at 0.7875 0 180) (size 0.875 0.95) (layers F.Cu F.Paste F.Mask) (roundrect_rratio 0.25)
      (net 70 RGB_ENABLE))
    (pad 1 smd roundrect (at -0.7875 0 180) (size 0.875 0.95) (layers F.Cu F.Paste F.Mask) (roundrect_rratio 0.25)
      (net 1 GND))
    (model ${KISYS3DMOD}/Resistor_SMD.3dshapes/R_0603_1608Metric.wrl
      (at (xyz 0 0 0))
      (scale (xyz 1 1 1))
      (rotate (xyz 0 0 0))
    )
  )

  (module Resistor_SMD:R_0603_1608Metric (layer B.Cu) (tedit 5B301BBD) (tstamp 5F51135A)
    (at 214.3506 102.3874 180)
    (descr "Resistor SMD 0603 (1608 Metric), square (rectangular) end terminal, IPC_7351 nominal, (Body size source: http://www.tortai-tech.com/upload/download/2011102023233369053.pdf), generated with kicad-footprint-generator")
    (tags resistor)
    (path /5E135D8F/5EAA8583)
    (attr smd)
    (fp_text reference R15 (at 0 1.43) (layer B.SilkS)
      (effects (font (size 1 1) (thickness 0.15)) (justify mirror))
    )
    (fp_text value 100k (at 0 -1.43) (layer B.Fab)
      (effects (font (size 1 1) (thickness 0.15)) (justify mirror))
    )
    (fp_text user %R (at 0 0) (layer B.Fab)
      (effects (font (size 0.4 0.4) (thickness 0.06)) (justify mirror))
    )
    (fp_line (start -0.8 -0.4) (end -0.8 0.4) (layer B.Fab) (width 0.1))
    (fp_line (start -0.8 0.4) (end 0.8 0.4) (layer B.Fab) (width 0.1))
    (fp_line (start 0.8 0.4) (end 0.8 -0.4) (layer B.Fab) (width 0.1))
    (fp_line (start 0.8 -0.4) (end -0.8 -0.4) (layer B.Fab) (width 0.1))
    (fp_line (start -0.162779 0.51) (end 0.162779 0.51) (layer B.SilkS) (width 0.12))
    (fp_line (start -0.162779 -0.51) (end 0.162779 -0.51) (layer B.SilkS) (width 0.12))
    (fp_line (start -1.48 -0.73) (end -1.48 0.73) (layer B.CrtYd) (width 0.05))
    (fp_line (start -1.48 0.73) (end 1.48 0.73) (layer B.CrtYd) (width 0.05))
    (fp_line (start 1.48 0.73) (end 1.48 -0.73) (layer B.CrtYd) (width 0.05))
    (fp_line (start 1.48 -0.73) (end -1.48 -0.73) (layer B.CrtYd) (width 0.05))
    (pad 2 smd roundrect (at 0.7875 0 180) (size 0.875 0.95) (layers B.Cu B.Paste B.Mask) (roundrect_rratio 0.25)
      (net 72 /MCU/IICRST))
    (pad 1 smd roundrect (at -0.7875 0 180) (size 0.875 0.95) (layers B.Cu B.Paste B.Mask) (roundrect_rratio 0.25)
      (net 1 GND))
    (model ${KISYS3DMOD}/Resistor_SMD.3dshapes/R_0603_1608Metric.wrl
      (at (xyz 0 0 0))
      (scale (xyz 1 1 1))
      (rotate (xyz 0 0 0))
    )
  )

  (module Resistor_SMD:R_0603_1608Metric (layer F.Cu) (tedit 5B301BBD) (tstamp 5F529FBC)
    (at 202.692 101.7148)
    (descr "Resistor SMD 0603 (1608 Metric), square (rectangular) end terminal, IPC_7351 nominal, (Body size source: http://www.tortai-tech.com/upload/download/2011102023233369053.pdf), generated with kicad-footprint-generator")
    (tags resistor)
    (path /5E135D8F/64379CC7)
    (attr smd)
    (fp_text reference R14 (at 0 -1.43) (layer F.SilkS)
      (effects (font (size 1 1) (thickness 0.15)))
    )
    (fp_text value 20k (at 0 1.43) (layer F.Fab)
      (effects (font (size 1 1) (thickness 0.15)))
    )
    (fp_text user %R (at 0 0) (layer F.Fab)
      (effects (font (size 0.4 0.4) (thickness 0.06)))
    )
    (fp_line (start -0.8 0.4) (end -0.8 -0.4) (layer F.Fab) (width 0.1))
    (fp_line (start -0.8 -0.4) (end 0.8 -0.4) (layer F.Fab) (width 0.1))
    (fp_line (start 0.8 -0.4) (end 0.8 0.4) (layer F.Fab) (width 0.1))
    (fp_line (start 0.8 0.4) (end -0.8 0.4) (layer F.Fab) (width 0.1))
    (fp_line (start -0.162779 -0.51) (end 0.162779 -0.51) (layer F.SilkS) (width 0.12))
    (fp_line (start -0.162779 0.51) (end 0.162779 0.51) (layer F.SilkS) (width 0.12))
    (fp_line (start -1.48 0.73) (end -1.48 -0.73) (layer F.CrtYd) (width 0.05))
    (fp_line (start -1.48 -0.73) (end 1.48 -0.73) (layer F.CrtYd) (width 0.05))
    (fp_line (start 1.48 -0.73) (end 1.48 0.73) (layer F.CrtYd) (width 0.05))
    (fp_line (start 1.48 0.73) (end -1.48 0.73) (layer F.CrtYd) (width 0.05))
    (pad 2 smd roundrect (at 0.7875 0) (size 0.875 0.95) (layers F.Cu F.Paste F.Mask) (roundrect_rratio 0.25)
      (net 71 /MCU/RSET))
    (pad 1 smd roundrect (at -0.7875 0) (size 0.875 0.95) (layers F.Cu F.Paste F.Mask) (roundrect_rratio 0.25)
      (net 1 GND))
    (model ${KISYS3DMOD}/Resistor_SMD.3dshapes/R_0603_1608Metric.wrl
      (at (xyz 0 0 0))
      (scale (xyz 1 1 1))
      (rotate (xyz 0 0 0))
    )
  )

  (module Resistor_SMD:R_0603_1608Metric (layer F.Cu) (tedit 5B301BBD) (tstamp 5FA13F34)
    (at 172.29 27.62 270)
    (descr "Resistor SMD 0603 (1608 Metric), square (rectangular) end terminal, IPC_7351 nominal, (Body size source: http://www.tortai-tech.com/upload/download/2011102023233369053.pdf), generated with kicad-footprint-generator")
    (tags resistor)
    (path /5E135D8F/5F07D4FA)
    (attr smd)
    (fp_text reference R13 (at 0 -1.43 90) (layer F.SilkS)
      (effects (font (size 1 1) (thickness 0.15)))
    )
    (fp_text value 33 (at 0 1.43 90) (layer F.Fab)
      (effects (font (size 1 1) (thickness 0.15)))
    )
    (fp_text user %R (at 0 0 90) (layer F.Fab)
      (effects (font (size 0.4 0.4) (thickness 0.06)))
    )
    (fp_line (start -0.8 0.4) (end -0.8 -0.4) (layer F.Fab) (width 0.1))
    (fp_line (start -0.8 -0.4) (end 0.8 -0.4) (layer F.Fab) (width 0.1))
    (fp_line (start 0.8 -0.4) (end 0.8 0.4) (layer F.Fab) (width 0.1))
    (fp_line (start 0.8 0.4) (end -0.8 0.4) (layer F.Fab) (width 0.1))
    (fp_line (start -0.162779 -0.51) (end 0.162779 -0.51) (layer F.SilkS) (width 0.12))
    (fp_line (start -0.162779 0.51) (end 0.162779 0.51) (layer F.SilkS) (width 0.12))
    (fp_line (start -1.48 0.73) (end -1.48 -0.73) (layer F.CrtYd) (width 0.05))
    (fp_line (start -1.48 -0.73) (end 1.48 -0.73) (layer F.CrtYd) (width 0.05))
    (fp_line (start 1.48 -0.73) (end 1.48 0.73) (layer F.CrtYd) (width 0.05))
    (fp_line (start 1.48 0.73) (end -1.48 0.73) (layer F.CrtYd) (width 0.05))
    (pad 2 smd roundrect (at 0.7875 0 270) (size 0.875 0.95) (layers F.Cu F.Paste F.Mask) (roundrect_rratio 0.25)
      (net 1 GND))
    (pad 1 smd roundrect (at -0.7875 0 270) (size 0.875 0.95) (layers F.Cu F.Paste F.Mask) (roundrect_rratio 0.25)
      (net 76 "Net-(POWER_LED1-Pad1)"))
    (model ${KISYS3DMOD}/Resistor_SMD.3dshapes/R_0603_1608Metric.wrl
      (at (xyz 0 0 0))
      (scale (xyz 1 1 1))
      (rotate (xyz 0 0 0))
    )
  )

  (module Resistor_SMD:R_0603_1608Metric (layer B.Cu) (tedit 5B301BBD) (tstamp 5FA140B4)
    (at 173.24 40.93 180)
    (descr "Resistor SMD 0603 (1608 Metric), square (rectangular) end terminal, IPC_7351 nominal, (Body size source: http://www.tortai-tech.com/upload/download/2011102023233369053.pdf), generated with kicad-footprint-generator")
    (tags resistor)
    (path /5E135D8F/65FA0295)
    (attr smd)
    (fp_text reference R11 (at 0 1.43) (layer B.SilkS)
      (effects (font (size 1 1) (thickness 0.15)) (justify mirror))
    )
    (fp_text value 10k (at 0 -1.43) (layer B.Fab)
      (effects (font (size 1 1) (thickness 0.15)) (justify mirror))
    )
    (fp_text user %R (at 0 0) (layer B.Fab)
      (effects (font (size 0.4 0.4) (thickness 0.06)) (justify mirror))
    )
    (fp_line (start -0.8 -0.4) (end -0.8 0.4) (layer B.Fab) (width 0.1))
    (fp_line (start -0.8 0.4) (end 0.8 0.4) (layer B.Fab) (width 0.1))
    (fp_line (start 0.8 0.4) (end 0.8 -0.4) (layer B.Fab) (width 0.1))
    (fp_line (start 0.8 -0.4) (end -0.8 -0.4) (layer B.Fab) (width 0.1))
    (fp_line (start -0.162779 0.51) (end 0.162779 0.51) (layer B.SilkS) (width 0.12))
    (fp_line (start -0.162779 -0.51) (end 0.162779 -0.51) (layer B.SilkS) (width 0.12))
    (fp_line (start -1.48 -0.73) (end -1.48 0.73) (layer B.CrtYd) (width 0.05))
    (fp_line (start -1.48 0.73) (end 1.48 0.73) (layer B.CrtYd) (width 0.05))
    (fp_line (start 1.48 0.73) (end 1.48 -0.73) (layer B.CrtYd) (width 0.05))
    (fp_line (start 1.48 -0.73) (end -1.48 -0.73) (layer B.CrtYd) (width 0.05))
    (pad 2 smd roundrect (at 0.7875 0 180) (size 0.875 0.95) (layers B.Cu B.Paste B.Mask) (roundrect_rratio 0.25)
      (net 44 /MCU/BOOT))
    (pad 1 smd roundrect (at -0.7875 0 180) (size 0.875 0.95) (layers B.Cu B.Paste B.Mask) (roundrect_rratio 0.25)
      (net 1 GND))
    (model ${KISYS3DMOD}/Resistor_SMD.3dshapes/R_0603_1608Metric.wrl
      (at (xyz 0 0 0))
      (scale (xyz 1 1 1))
      (rotate (xyz 0 0 0))
    )
  )

  (module Resistor_SMD:R_0603_1608Metric (layer B.Cu) (tedit 5B301BBD) (tstamp 5FA13D81)
    (at 166.89 31.96)
    (descr "Resistor SMD 0603 (1608 Metric), square (rectangular) end terminal, IPC_7351 nominal, (Body size source: http://www.tortai-tech.com/upload/download/2011102023233369053.pdf), generated with kicad-footprint-generator")
    (tags resistor)
    (path /5E135D8F/5E9A54BA)
    (attr smd)
    (fp_text reference R10 (at 0 1.43) (layer B.SilkS)
      (effects (font (size 1 1) (thickness 0.15)) (justify mirror))
    )
    (fp_text value 4k7 (at 0 -1.43) (layer B.Fab)
      (effects (font (size 1 1) (thickness 0.15)) (justify mirror))
    )
    (fp_text user %R (at 0 0) (layer B.Fab)
      (effects (font (size 0.4 0.4) (thickness 0.06)) (justify mirror))
    )
    (fp_line (start -0.8 -0.4) (end -0.8 0.4) (layer B.Fab) (width 0.1))
    (fp_line (start -0.8 0.4) (end 0.8 0.4) (layer B.Fab) (width 0.1))
    (fp_line (start 0.8 0.4) (end 0.8 -0.4) (layer B.Fab) (width 0.1))
    (fp_line (start 0.8 -0.4) (end -0.8 -0.4) (layer B.Fab) (width 0.1))
    (fp_line (start -0.162779 0.51) (end 0.162779 0.51) (layer B.SilkS) (width 0.12))
    (fp_line (start -0.162779 -0.51) (end 0.162779 -0.51) (layer B.SilkS) (width 0.12))
    (fp_line (start -1.48 -0.73) (end -1.48 0.73) (layer B.CrtYd) (width 0.05))
    (fp_line (start -1.48 0.73) (end 1.48 0.73) (layer B.CrtYd) (width 0.05))
    (fp_line (start 1.48 0.73) (end 1.48 -0.73) (layer B.CrtYd) (width 0.05))
    (fp_line (start 1.48 -0.73) (end -1.48 -0.73) (layer B.CrtYd) (width 0.05))
    (pad 2 smd roundrect (at 0.7875 0) (size 0.875 0.95) (layers B.Cu B.Paste B.Mask) (roundrect_rratio 0.25)
      (net 46 VCC))
    (pad 1 smd roundrect (at -0.7875 0) (size 0.875 0.95) (layers B.Cu B.Paste B.Mask) (roundrect_rratio 0.25)
      (net 48 I2C-))
    (model ${KISYS3DMOD}/Resistor_SMD.3dshapes/R_0603_1608Metric.wrl
      (at (xyz 0 0 0))
      (scale (xyz 1 1 1))
      (rotate (xyz 0 0 0))
    )
  )

  (module Resistor_SMD:R_0603_1608Metric (layer B.Cu) (tedit 5B301BBD) (tstamp 5FA14054)
    (at 166.86 28.93 180)
    (descr "Resistor SMD 0603 (1608 Metric), square (rectangular) end terminal, IPC_7351 nominal, (Body size source: http://www.tortai-tech.com/upload/download/2011102023233369053.pdf), generated with kicad-footprint-generator")
    (tags resistor)
    (path /5E135D8F/5E9A5065)
    (attr smd)
    (fp_text reference R9 (at 0 1.43) (layer B.SilkS)
      (effects (font (size 1 1) (thickness 0.15)) (justify mirror))
    )
    (fp_text value 4K7 (at 0 -1.43) (layer B.Fab)
      (effects (font (size 1 1) (thickness 0.15)) (justify mirror))
    )
    (fp_text user %R (at 0 0) (layer B.Fab)
      (effects (font (size 0.4 0.4) (thickness 0.06)) (justify mirror))
    )
    (fp_line (start -0.8 -0.4) (end -0.8 0.4) (layer B.Fab) (width 0.1))
    (fp_line (start -0.8 0.4) (end 0.8 0.4) (layer B.Fab) (width 0.1))
    (fp_line (start 0.8 0.4) (end 0.8 -0.4) (layer B.Fab) (width 0.1))
    (fp_line (start 0.8 -0.4) (end -0.8 -0.4) (layer B.Fab) (width 0.1))
    (fp_line (start -0.162779 0.51) (end 0.162779 0.51) (layer B.SilkS) (width 0.12))
    (fp_line (start -0.162779 -0.51) (end 0.162779 -0.51) (layer B.SilkS) (width 0.12))
    (fp_line (start -1.48 -0.73) (end -1.48 0.73) (layer B.CrtYd) (width 0.05))
    (fp_line (start -1.48 0.73) (end 1.48 0.73) (layer B.CrtYd) (width 0.05))
    (fp_line (start 1.48 0.73) (end 1.48 -0.73) (layer B.CrtYd) (width 0.05))
    (fp_line (start 1.48 -0.73) (end -1.48 -0.73) (layer B.CrtYd) (width 0.05))
    (pad 2 smd roundrect (at 0.7875 0 180) (size 0.875 0.95) (layers B.Cu B.Paste B.Mask) (roundrect_rratio 0.25)
      (net 47 I2C+))
    (pad 1 smd roundrect (at -0.7875 0 180) (size 0.875 0.95) (layers B.Cu B.Paste B.Mask) (roundrect_rratio 0.25)
      (net 46 VCC))
    (model ${KISYS3DMOD}/Resistor_SMD.3dshapes/R_0603_1608Metric.wrl
      (at (xyz 0 0 0))
      (scale (xyz 1 1 1))
      (rotate (xyz 0 0 0))
    )
  )

  (module Resistor_SMD:R_0603_1608Metric (layer B.Cu) (tedit 5B301BBD) (tstamp 5FA13E56)
    (at 180.0987 30.1384 270)
    (descr "Resistor SMD 0603 (1608 Metric), square (rectangular) end terminal, IPC_7351 nominal, (Body size source: http://www.tortai-tech.com/upload/download/2011102023233369053.pdf), generated with kicad-footprint-generator")
    (tags resistor)
    (path /5E135D8F/600A3369)
    (attr smd)
    (fp_text reference R6 (at 0 1.43 90) (layer B.SilkS)
      (effects (font (size 1 1) (thickness 0.15)) (justify mirror))
    )
    (fp_text value 10K (at 0 -1.43 90) (layer B.Fab)
      (effects (font (size 1 1) (thickness 0.15)) (justify mirror))
    )
    (fp_text user %R (at 0 0 90) (layer B.Fab)
      (effects (font (size 0.4 0.4) (thickness 0.06)) (justify mirror))
    )
    (fp_line (start -0.8 -0.4) (end -0.8 0.4) (layer B.Fab) (width 0.1))
    (fp_line (start -0.8 0.4) (end 0.8 0.4) (layer B.Fab) (width 0.1))
    (fp_line (start 0.8 0.4) (end 0.8 -0.4) (layer B.Fab) (width 0.1))
    (fp_line (start 0.8 -0.4) (end -0.8 -0.4) (layer B.Fab) (width 0.1))
    (fp_line (start -0.162779 0.51) (end 0.162779 0.51) (layer B.SilkS) (width 0.12))
    (fp_line (start -0.162779 -0.51) (end 0.162779 -0.51) (layer B.SilkS) (width 0.12))
    (fp_line (start -1.48 -0.73) (end -1.48 0.73) (layer B.CrtYd) (width 0.05))
    (fp_line (start -1.48 0.73) (end 1.48 0.73) (layer B.CrtYd) (width 0.05))
    (fp_line (start 1.48 0.73) (end 1.48 -0.73) (layer B.CrtYd) (width 0.05))
    (fp_line (start 1.48 -0.73) (end -1.48 -0.73) (layer B.CrtYd) (width 0.05))
    (pad 2 smd roundrect (at 0.7875 0 270) (size 0.875 0.95) (layers B.Cu B.Paste B.Mask) (roundrect_rratio 0.25)
      (net 46 VCC))
    (pad 1 smd roundrect (at -0.7875 0 270) (size 0.875 0.95) (layers B.Cu B.Paste B.Mask) (roundrect_rratio 0.25)
      (net 3 RESET))
    (model ${KISYS3DMOD}/Resistor_SMD.3dshapes/R_0603_1608Metric.wrl
      (at (xyz 0 0 0))
      (scale (xyz 1 1 1))
      (rotate (xyz 0 0 0))
    )
  )

  (module Resistor_SMD:R_0603_1608Metric (layer F.Cu) (tedit 5B301BBD) (tstamp 5F66264B)
    (at 191.34074 39.1292)
    (descr "Resistor SMD 0603 (1608 Metric), square (rectangular) end terminal, IPC_7351 nominal, (Body size source: http://www.tortai-tech.com/upload/download/2011102023233369053.pdf), generated with kicad-footprint-generator")
    (tags resistor)
    (path /5E135D8F/5F8AEB4E)
    (attr smd)
    (fp_text reference R5 (at 0 -1.43) (layer F.SilkS)
      (effects (font (size 1 1) (thickness 0.15)))
    )
    (fp_text value 22 (at 0 1.43) (layer F.Fab)
      (effects (font (size 1 1) (thickness 0.15)))
    )
    (fp_text user %R (at 0 0) (layer F.Fab)
      (effects (font (size 0.4 0.4) (thickness 0.06)))
    )
    (fp_line (start -0.8 0.4) (end -0.8 -0.4) (layer F.Fab) (width 0.1))
    (fp_line (start -0.8 -0.4) (end 0.8 -0.4) (layer F.Fab) (width 0.1))
    (fp_line (start 0.8 -0.4) (end 0.8 0.4) (layer F.Fab) (width 0.1))
    (fp_line (start 0.8 0.4) (end -0.8 0.4) (layer F.Fab) (width 0.1))
    (fp_line (start -0.162779 -0.51) (end 0.162779 -0.51) (layer F.SilkS) (width 0.12))
    (fp_line (start -0.162779 0.51) (end 0.162779 0.51) (layer F.SilkS) (width 0.12))
    (fp_line (start -1.48 0.73) (end -1.48 -0.73) (layer F.CrtYd) (width 0.05))
    (fp_line (start -1.48 -0.73) (end 1.48 -0.73) (layer F.CrtYd) (width 0.05))
    (fp_line (start 1.48 -0.73) (end 1.48 0.73) (layer F.CrtYd) (width 0.05))
    (fp_line (start 1.48 0.73) (end -1.48 0.73) (layer F.CrtYd) (width 0.05))
    (pad 2 smd roundrect (at 0.7875 0) (size 0.875 0.95) (layers F.Cu F.Paste F.Mask) (roundrect_rratio 0.25)
